7316717653133
3167176531330
1671765313306
6717653133062
7176531330624
1765313306249
7653133062491
6531330624919
5313306249192
3133062491922
1330624919225
3306249192251
3062491922511
0624919225119
6249192251196
2491922511967
4919225119674
9192251196744
1922511967442
9225119674426
2251196744265
2511967442657
5119674426574
1196744265747
1967442657474
9674426574742
6744265747423
7442657474235
4426574742355
4265747423553
2657474235534
6574742355349
5747423553491
7474235534919
4742355349194
7423553491949
4235534919493
2355349194934

























